IDx	Year	IgATot	IgAKLH	IgMKLH	IgATc	IgGTc	ANAnc	Weight	FEC	Age	SURV
1	2001	1.6326	0.1919	1.2809	1.2668	0.9211	0.339	25.3	0	11	0
2	1998	2.6343	0.7109	1.8221	1.8714	1.4054	0.2785	23.3	100	10	1
3	1998	2.3152	0.3679	1.2060	1.0451	0.7517	0.41	19.3	700	10	0
4	1998	2.2667	0.2920	1.2623	1.1422	0.8393	0.111	21.3	NA	10	0
5	1998	1.9035	0.1719	0.7590	0.5532	0.7063	0.156	23.1	0	10	0
6	1998	1.8467	0.1301	1.7484	0.4114	0.7983	0.2065	20.4	0	9	0
7	1998	2.4530	0.4616	1.8840	1.0540	0.9819	0.443	26.5	0	9	0
8	2001	1.6622	0.2066	0.7951	1.0959	0.7382	0.507	24.6	0	11	1
9	1998	1.8830	0.0796	0.5853	0.5788	0.8913	0.327	22.9	0	8	0
10	1998	1.9398	0.1937	0.9733	0.8810	0.8492	0.2485	22	0	8	1
11	1998	2.2949	0.3884	1.1796	1.1250	0.9031	0.0255	20.5	200	8	0
12	2001	1.9385	0.0996	0.9953	0.8780	1.1288	0.086	25.3	0	11	1
13	1998	2.3566	0.3717	1.6992	1.1685	1.5714	0.4925	21.5	0	8	0
14	2001	1.8172	0.2763	1.5275	1.6876	1.4987	0.255	23.2	200	11	0
15	1998	1.8717	0.1573	1.0815	0.6740	0.9855	0.185	21.8	0	8	0
16	1998	1.5897	0.0655	1.5092	0.8256	1.2648	0.5465	26.3	200	8	1
17	2001	1.8676	0.2772	0.8607	0.9982	1.5885	0.3915	23.7	300	11	0
18	1998	1.3827	0.0422	0.4535	0.7740	0.5782	0.2895	19.5	100	8	0
19	1998	2.3655	0.6250	1.3525	1.6741	0.8728	0.422	22	0	8	0
20	2001	1.6352	0.1130	1.2667	0.8975	1.1318	0.0685	25.4	0	11	1
21	1998	2.1698	0.1851	0.9798	0.8198	1.0614	0.266	22.5	0	8	1
22	2001	1.6329	0.2768	1.0482	1.2996	1.0852	0.1425	23.3	0	11	0
23	1998	1.4471	0.0515	1.0503	1.1224	0.5631	0.2665	22.3	200	7	0
24	1998	2.0596	0.2473	0.8734	1.0682	1.0347	0.255	21.8	0	7	0
25	1998	2.1156	0.4809	1.9610	1.4722	1.2768	0.194	20.9	0	7	0
26	1998	2.0305	0.2641	0.9538	0.6799	1.2244	0.4265	21.9	0	7	1
27	1998	2.3199	0.4529	1.0946	1.5711	0.8702	0.188	20.9	0	7	0
28	1998	1.4128	0.1654	0.9281	0.5926	0.5394	0	19.6	200	7	0
29	1998	0.9431	0.0232	0.4438	0.5566	0.5621	0.127	23.1	0	7	0
30	1998	1.3373	0.0800	0.3961	0.7505	0.6994	0	26.1	0	7	0
31	1998	1.3005	0.0547	1.3080	0.3529	1.0169	0.569	15.6	NA	6	0
32	2001	1.1873	0.0296	1.1612	0.2764	0.9645	0.06	21.1	100	9	0
33	1998	1.7302	0.3286	1.2565	0.7957	0.4633	0.2575	20.5	100	6	0
34	1998	2.1773	0.2167	2.1248	1.3726	0.8282	0.177	23.8	0	6	0
35	1998	1.4772	0.0480	1.0562	0.9034	0.6751	0.25	19.9	0	6	0
36	1998	1.0103	0.0371	0.6867	0.5222	0.8061	0.198	19.3	0	6	0
37	2001	1.7509	0.1422	1.1084	1.1819	1.2804	0.75	23.2	0	9	1
38	1998	1.3700	0.0735	0.8623	0.5973	0.9567	0.2475	22.7	0	6	1
39	2001	1.8236	0.2611	0.9250	1.0129	1.2212	0.164	24.9	100	9	0
40	2001	1.8251	0.2646	0.8981	1.1695	1.3600	0.4425	27.7	0	9	0
41	1998	2.2429	0.2095	0.9150	1.2894	1.2732	0.294	21.5	400	6	1
42	1998	2.0787	0.2267	0.8270	0.8052	1.0582	0.1565	17.6	100	6	0
43	2001	1.6513	0.1180	0.7317	1.1573	1.3834	0.181	21.3	100	9	0
44	1998	0.2880	0.0330	0.5537	0.2546	0.3041	0.035	22.5	0	6	1
45	1998	1.9306	0.1416	1.7959	0.6358	0.8528	0.48	24	100	6	1
46	1998	1.9943	0.1776	1.1412	0.9250	1.0192	0.2425	22.3	0	5	1
47	1998	2.0819	0.1418	1.2259	0.9172	1.0718	0.587	23.1	0	5	1
48	1998	1.9836	0.0927	0.6847	0.7650	1.1172	0.414	23	0	5	1
49	1998	2.3172	0.4328	1.0074	1.7205	1.1928	0.2745	20.6	0	5	1
50	2001	1.2157	0.0230	0.5192	0.3125	0.5174	0.4435	23.1	0	8	1
51	2001	1.2479	0.0402	0.9263	0.5349	0.8598	0.1285	24.3	200	8	0
52	1998	2.1778	1.3326	1.2027	1.1658	1.3013	0.2105	27.6	0	5	1
53	1998	1.9631	0.1433	1.2530	1.1562	1.3520	0	18.8	0	5	1
54	1998	2.2373	0.6763	1.2887	1.4669	1.3149	0.176	21.7	0	5	1
55	1998	2.1054	0.4754	1.3862	1.4217	1.3951	0.168	22.9	0	5	0
56	1998	2.2275	0.4552	1.1636	1.2219	0.7540	0.181	21.5	0	5	0
57	2001	1.3543	0.0262	1.0588	0.4301	0.8375	0.3525	22.2	100	8	1
58	1998	1.9357	0.1320	1.0203	0.7214	1.3563	0.2	21.3	0	5	1
59	1998	1.5693	0.0684	0.9225	0.7429	1.0249	0.0495	24.7	0	5	1
60	1998	2.0582	0.3365	0.6610	0.9325	1.1095	0.1395	25.5	0	5	1
61	1998	2.1848	0.9815	0.7058	0.8030	1.2334	0.2075	20.5	400	5	0
62	1998	1.1453	0.0557	0.4202	0.4443	1.1498	0.449	19.5	0	4	1
63	1998	2.1146	0.1759	1.2810	0.9065	1.1800	0.133	24	100	4	0
64	1998	1.6901	0.2410	1.0169	0.8285	1.1516	0.021	19	100	4	0
65	1998	1.5477	0.0672	1.2217	0.9162	0.9722	0.104	20.9	0	4	1
66	1998	2.0052	0.1670	1.4398	1.2451	1.0363	0.1025	22.6	200	4	1
67	2004	1.0954	0.0719	0.4089	0.4424	0.7567	0.4525	20.8	200	9	0
68	2001	1.6548	0.1062	1.1917	0.9285	1.1096	0.1305	25.7	0	6	1
69	2001	1.5422	0.2110	0.8008	1.1695	0.7537	0.1175	22.6	100	6	1
70	2004	1.3588	0.0477	0.8106	0.5141	1.0893	0.2995	25.2	0	9	1
71	1998	1.9906	0.2056	1.0317	0.8329	1.5087	0.369	20.6	200	3	1
72	2004	0.8552	0.0724	0.5800	0.2508	0.9657	0.224	18.2	0	9	0
73	2001	1.7584	0.2063	0.7546	1.0382	1.2174	0.125	27.1	0	6	1
74	2004	1.6946	0.1723	0.9907	0.7715	1.4820	0.155	24.95	0	9	1
75	1998	2.0358	0.1827	0.9855	1.5736	1.1923	0.113	20.1	300	3	1
76	2004	1.7745	0.3007	0.7418	1.1740	0.8279	0.2565	20.6	0	9	1
77	2004	1.8620	0.6725	1.1150	1.8743	1.4244	0.362	24.75	0	9	1
78	1998	2.0336	0.1673	1.9184	1.2583	0.6653	0.1435	21.6	100	3	1
79	2004	1.3806	0.1480	2.1434	0.7578	1.2734	0.5345	22.75	0	9	1
80	1998	2.0431	0.1764	1.2120	0.9618	0.5691	0.2095	19.8	200	3	0
81	2004	1.8384	0.4184	0.7021	1.2763	1.1419	0.273	22.6	100	9	0
82	1998	2.2863	0.2659	1.6731	1.3427	1.2927	0.24	24.9	300	3	1
83	2001	1.6755	0.3549	1.1101	0.9601	1.1734	0.182	22.4	0	6	1
84	2004	1.8155	0.4106	0.5813	1.6965	0.9070	0.1225	20.8	NA	9	0
85	2004	1.1536	0.0391	0.5574	0.4446	0.8854	0.399	24.35	100	9	0
86	1998	1.9793	0.1543	1.2379	0.6479	1.5234	0.156	19.6	0	3	1
87	2001	1.8090	0.4693	0.8275	1.5465	1.0935	0.1035	20.9	NA	6	0
88	1998	2.1744	0.3238	1.2050	1.4916	0.9982	0.699	21.8	600	3	1
89	2001	1.2346	0.0683	0.5528	0.4671	1.2417	0.126	22.5	0	6	0
90	2001	0.8494	0.0200	0.7173	0.4671	1.0641	0.0245	18.4	100	5	0
91	2004	1.7460	0.1088	0.7360	1.1851	0.9970	0.188	24.75	0	8	1
92	2004	1.8500	0.4829	0.8420	1.1315	1.3921	0	22.2	0	8	1
93	2001	1.0801	0.0835	0.7633	0.6432	1.2362	0.1885	25.3	100	5	1
94	2004	0.7082	0.0116	1.0649	0.4598	1.0438	0.251	21.9	0	8	0
95	1998	1.0425	0.0350	1.0522	0.3541	0.8254	0.9175	19.4	100	2	1
96	2001	1.2251	0.0287	0.5705	0.8033	1.3695	0.187	22.4	0	5	0
97	2001	0.9568	0.0275	0.9158	0.4363	0.6886	0.65	20.7	0	5	0
98	2001	1.6410	0.1776	0.8095	0.6092	1.5957	0.0445	20.3	100	5	1
99	2004	2.0070	0.3697	1.0656	1.8151	1.3492	0.3765	25.5	200	8	1
100	1998	1.8740	0.0702	1.0742	0.4530	1.5097	0.2515	24.1	300	2	1
101	1998	1.9985	0.1477	1.1813	0.5809	1.3026	0.355	18.6	100	2	1
102	2004	1.4788	0.0841	0.6859	0.8618	1.4453	0.272	19.45	0	8	0
103	2004	1.7598	0.4258	1.3392	1.2589	1.3751	0.62	20.7	400	8	1
104	1998	2.1475	0.1193	0.7369	0.5420	1.1872	0.393	18	600	2	1
105	1998	1.2395	0.0508	0.7364	0.3208	1.1311	0.298	20.3	0	2	0
106	2004	1.4935	0.1269	1.4376	0.5340	1.8407	0.276	21.35	0	8	0
107	1998	1.2095	0.0563	0.9702	0.6301	1.3859	0.5215	18.7	NA	2	1
108	2001	1.7865	0.2057	0.7897	0.9846	1.2132	0.393	19.7	NA	5	1
109	2001	1.3584	0.1244	0.7082	0.6011	1.0610	0.0045	22.8	0	4	1
110	2001	1.6258	0.1137	0.7258	0.6409	1.4644	0.0365	25.2	0	4	1
111	2004	1.7419	0.3292	0.6346	1.0460	1.3127	0.419	24.55	0	7	1
112	2004	0.8973	0.2130	0.9704	0.3722	0.7633	0.151	19.3	0	7	1
113	2001	0.9267	0.0475	0.8308	0.3071	1.0236	0.539	20	500	4	1
114	2001	1.6036	0.4265	0.7546	1.5718	1.2117	0.088	19.8	0	4	1
115	2001	1.2963	0.0691	0.8230	0.3156	0.9676	0.0655	23.3	200	4	1
116	2004	1.7155	0.2977	1.0520	1.1212	1.6199	0.4685	21	100	7	1
117	2001	1.6260	0.1451	1.0976	0.8580	1.1241	0.7915	21.6	200	4	1
118	2004	1.3804	0.3095	0.4799	0.7345	1.2708	0.144	24.4	0	7	1
119	2001	1.9213	0.2797	0.9057	1.0107	0.8870	0.2035	22.1	100	3	0
120	2001	1.1141	0.0813	1.1213	0.3288	0.8030	0.2135	21.4	400	3	0
121	2004	1.4915	0.2230	1.0720	0.7495	1.1808	0.137	23.45	0	6	1
122	2004	1.4042	0.1889	0.9602	0.7306	1.4101	0.237	20.2	0	6	1
123	2004	1.4999	0.1028	0.7084	0.7374	1.5814	0.4855	19.35	100	6	1
124	2004	0.7699	0.0821	0.8318	0.4657	1.2274	0.275	25.2	NA	7	1
125	2001	1.7609	0.2196	1.0665	1.4376	1.3730	0	21.2	100	2	0
126	2004	1.1947	0.1101	0.4376	0.7145	0.9453	0.212	24.6	0	5	1
127	2001	1.2553	0.1177	0.8019	0.9897	1.1829	0.007	20.2	100	2	1
128	2001	0.7398	0.0526	0.7417	0.3232	0.9254	0.121	18.4	100	2	0
129	2001	1.1696	0.2464	0.7997	0.5749	1.3375	0.5225	17.9	100	2	1
130	2001	1.1091	0.1304	1.2494	0.7443	1.2780	0.0865	21	100	2	1
131	2004	0.9558	0.0884	0.6746	0.8404	1.4301	0.178	20.45	300	5	0
132	2001	1.3481	0.1382	1.4862	0.6588	1.4725	0.0815	20.3	0	2	0
133	2004	1.5824	0.2167	0.8351	1.2693	1.5150	0.2535	26.8	200	5	1
134	2001	0.7837	0.0220	0.7901	0.2184	0.5555	0.2965	19.7	0	2	0
135	2001	1.2160	0.0492	0.6662	0.3445	1.6940	0.046	22.1	0	2	1
136	2001	1.4394	0.1008	0.7371	0.7280	1.1194	0.093	19.1	0	2	0
137	2001	1.3971	0.1521	1.1661	0.5130	1.2486	0	21.3	200	2	0
138	2001	1.0970	0.0584	0.6818	0.3565	1.1816	0	17.9	NA	2	0
139	2004	1.6727	0.5844	0.5722	1.2537	0.6335	0.19	21.45	100	5	1
140	2001	1.5347	0.0854	0.9948	0.4632	1.5639	0.032	20.1	300	2	0
141	2004	1.4292	0.1437	1.0598	1.1921	1.4237	0.2435	24.6	0	5	1
142	2001	0.9082	0.0195	0.8366	0.3008	1.0225	0.004	21.8	0	2	1
143	2001	1.6509	0.1223	1.2260	0.9716	1.6133	0.4305	21.5	0	2	0
144	2001	1.4749	0.0519	0.7321	0.4104	1.4675	0.2375	17.2	300	2	1
145	2001	1.4229	0.1285	0.8464	0.7915	1.1711	0.1535	21	0	2	1
146	2001	1.4098	0.1264	0.6827	0.5517	0.9919	0.09	21.1	300	2	0
147	2004	1.4845	0.1640	0.9773	0.7094	1.5176	0.252	23.45	0	5	1
148	2001	1.3854	0.1559	1.1756	0.4721	1.1863	0.2165	17.6	0	2	0
149	2001	1.4606	0.1099	0.5633	1.0125	0.8637	0.241	22.7	200	2	0
150	2001	1.4013	0.0580	1.0264	0.6911	1.0157	0.4	20.6	0	2	1
151	2001	1.7518	0.4058	0.4905	0.7752	1.2947	0.0735	15.7	NA	2	1
152	2004	1.2395	0.0298	0.3985	0.6108	1.1361	0.4985	19.1	NA	5	1
153	2001	1.8241	0.1418	0.5703	0.7988	1.1960	0.0475	23.7	0	5	1
154	2004	1.3367	0.0798	0.8097	0.6764	1.0626	0.334	21.3	0	4	1
155	2004	1.0079	0.0851	0.9965	0.5964	1.5167	0.637	19	0	4	1
156	2004	1.0207	0.1001	1.3063	0.7731	0.8960	0.3165	25	0	4	1
157	2004	1.4215	0.2607	0.9273	0.8919	1.2210	0.357	23.6	0	4	0
158	2004	1.8002	0.5483	0.7534	1.8491	0.9977	0.351	21.15	0	4	1
159	2004	1.6469	0.2700	0.9354	1.5686	0.9547	0.148	23.7	0	4	1
160	2004	1.6663	0.2004	1.0609	0.5337	1.4994	0.3215	27.8	0	4	1
161	2004	1.4144	0.0788	0.9926	0.7277	0.9278	0.225	21.55	0	4	1
162	2004	1.7742	0.3638	1.1264	1.4201	1.3821	0.3965	23.55	0	4	1
163	2004	1.0387	0.0265	0.6999	0.5474	1.1332	0.2125	21.15	200	4	1
164	2004	1.6370	0.3972	1.2632	1.3070	1.6925	0.231	24.6	200	4	1
165	2004	1.2391	0.0668	1.4136	0.8684	1.9203	0.5265	22.3	0	4	1
166	2004	1.5145	0.1540	0.5964	1.0204	0.7612	0.298	24.2	0	4	1
167	2004	1.7642	0.1503	0.7510	1.3633	1.6016	0.3805	17.65	0	4	1
168	2004	1.1526	0.0682	0.6489	0.6118	1.3808	0.5545	17.15	0	4	1
169	2004	1.7569	0.3539	0.7826	1.4691	1.4425	0.22	22.8	0	4	1
170	2004	1.6240	1.0564	0.7045	1.5221	1.3460	0.22	NA	200	4	1
171	2004	0.9729	0.0206	0.7940	0.3624	1.6417	0.4165	19.45	100	3	1
172	2004	1.8832	0.7487	1.1893	1.7847	1.2685	0.423	17.4	0	3	1
173	2004	1.6523	0.1885	1.2495	1.3435	1.2472	0.272	26.35	100	3	1
174	2004	1.3408	0.0381	1.4081	1.1180	0.9729	0.2295	21.75	100	4	1
175	2004	0.9793	0.1182	1.0569	0.5911	1.1539	0.0905	16.6	400	2	0
176	2004	1.4920	0.0981	1.0146	0.6492	1.9497	0.411	17.75	400	2	1
177	2004	1.0073	0.0461	0.8868	0.2131	1.2681	0.135	19.95	400	2	1
178	2004	1.1490	0.2723	1.2960	0.7785	1.1877	0.2945	17.15	0	2	1
179	2004	1.7085	0.1770	1.2190	0.5865	1.3419	0.221	NA	400	2	0
180	2004	1.8344	0.7283	1.4919	1.4215	1.2636	0.212	16.3	100	2	1
181	2004	0.6753	0.0409	0.7561	0.3249	1.6417	0	20.25	200	2	1
182	2004	0.9165	0.0829	0.8809	0.3980	1.2339	0.2735	17.3	600	2	0
183	2004	1.7959	0.4127	1.5270	1.0993	1.1992	0.2845	21.3	600	2	1
184	2004	1.5407	0.2873	1.1723	0.6704	1.5996	0.4365	20.7	100	2	1
185	2004	1.0637	0.3085	0.6073	0.5898	1.2723	0.1505	18.8	0	2	1
186	2004	1.4584	0.1261	1.1313	1.0880	1.6074	0.299	18.65	200	2	1
187	2004	1.1850	0.2167	0.9049	0.8900	1.2630	0.033	19.4	300	2	1
188	2004	0.9311	0.1526	1.2046	0.4364	1.0314	0.174	17.2	700	2	1
189	2004	1.1787	0.1552	0.9281	1.3573	1.4617	0.2705	18.4	200	2	1
190	2004	0.6525	0.2179	0.7744	0.1788	1.4464	0.273	16.05	500	2	1
